,similarity,shrink,topK,MAP
55,['asymmetric'],[10],[100],[0.024114214180280993]
7,['cosine'],[10],[100],[0.024114214180280993]
54,['asymmetric'],[10],[50],[0.02410774550030153]
6,['cosine'],[10],[50],[0.02410774550030153]
58,['asymmetric'],[50],[50],[0.023391932596120102]
10,['cosine'],[50],[50],[0.023391932596120102]
59,['asymmetric'],[50],[100],[0.023332445661517355]
11,['cosine'],[50],[100],[0.023332445661517355]
63,['asymmetric'],[100],[100],[0.02313428646426144]
15,['cosine'],[100],[100],[0.02313428646426144]
14,['cosine'],[100],[50],[0.023128086297208028]
62,['asymmetric'],[100],[50],[0.023128086297208028]
50,['asymmetric'],[0],[50],[0.02164459318294782]
2,['cosine'],[0],[50],[0.02164459318294782]
3,['cosine'],[0],[100],[0.021561519723114136]
51,['asymmetric'],[0],[100],[0.021561519723114136]
53,['asymmetric'],[10],[10],[0.019989788821894616]
5,['cosine'],[10],[10],[0.019989788821894616]
13,['cosine'],[100],[10],[0.019675802266825058]
61,['asymmetric'],[100],[10],[0.019675802266825058]
57,['asymmetric'],[50],[10],[0.019501727099871906]
9,['cosine'],[50],[10],[0.019501727099871906]
49,['asymmetric'],[0],[10],[0.018122294539401267]
1,['cosine'],[0],[10],[0.018122294539401267]
34,['adjusted'],[0],[50],[0.013748962433300985]
35,['adjusted'],[0],[100],[0.01366619608808559]
19,['pearson'],[0],[100],[0.013077736154792874]
18,['pearson'],[0],[50],[0.012847825561659653]
31,['pearson'],[100],[100],[0.012486925389579646]
22,['pearson'],[10],[50],[0.012469392283698845]
27,['pearson'],[50],[100],[0.012433075248991506]
23,['pearson'],[10],[100],[0.012430063732118123]
30,['pearson'],[100],[50],[0.012424070471249465]
26,['pearson'],[50],[50],[0.012376869625341005]
33,['adjusted'],[0],[10],[0.01210197577832376]
29,['pearson'],[100],[10],[0.011388524178094777]
25,['pearson'],[50],[10],[0.011329039025965567]
21,['pearson'],[10],[10],[0.01119794631421463]
38,['adjusted'],[10],[50],[0.011180860358528524]
17,['pearson'],[0],[10],[0.01111181830748258]
39,['adjusted'],[10],[100],[0.010955169297998653]
42,['adjusted'],[50],[50],[0.010933403040302728]
46,['adjusted'],[100],[50],[0.01092535517233268]
43,['adjusted'],[50],[100],[0.010682428985363505]
47,['adjusted'],[100],[100],[0.010665575642472544]
37,['adjusted'],[10],[10],[0.010153031395909399]
41,['adjusted'],[50],[10],[0.009944822306551063]
45,['adjusted'],[100],[10],[0.009924410199563083]
60,['asymmetric'],[100],[0],[0.0002453242822892628]
56,['asymmetric'],[50],[0],[0.0002453242822892628]
52,['asymmetric'],[10],[0],[0.0002453242822892628]
0,['cosine'],[0],[0],[0.0002453242822892628]
48,['asymmetric'],[0],[0],[0.0002453242822892628]
44,['adjusted'],[100],[0],[0.0002453242822892628]
40,['adjusted'],[50],[0],[0.0002453242822892628]
36,['adjusted'],[10],[0],[0.0002453242822892628]
28,['pearson'],[100],[0],[0.0002453242822892628]
24,['pearson'],[50],[0],[0.0002453242822892628]
20,['pearson'],[10],[0],[0.0002453242822892628]
16,['pearson'],[0],[0],[0.0002453242822892628]
12,['cosine'],[100],[0],[0.0002453242822892628]
8,['cosine'],[50],[0],[0.0002453242822892628]
4,['cosine'],[10],[0],[0.0002453242822892628]
32,['adjusted'],[0],[0],[0.0002453242822892628]
